9.620000000000000000e+02 5.400000000000000000e+02 9.880000000000000000e+02 5.660000000000000000e+02 8.000000000000000000e+00 3.986731469631195068e-01 0.000000000000000000e+00
9.590000000000000000e+02 5.430000000000000000e+02 9.850000000000000000e+02 5.690000000000000000e+02 8.000000000000000000e+00 6.704286932945251465e-01 1.000000000000000000e+00
9.590000000000000000e+02 5.460000000000000000e+02 9.850000000000000000e+02 5.720000000000000000e+02 8.000000000000000000e+00 5.788133144378662109e-01 2.000000000000000000e+00
9.570000000000000000e+02 5.430000000000000000e+02 9.830000000000000000e+02 5.690000000000000000e+02 8.000000000000000000e+00 6.062003970146179199e-01 3.000000000000000000e+00
9.580000000000000000e+02 5.460000000000000000e+02 9.840000000000000000e+02 5.720000000000000000e+02 8.000000000000000000e+00 5.496497154235839844e-01 4.000000000000000000e+00
9.590000000000000000e+02 5.460000000000000000e+02 9.850000000000000000e+02 5.720000000000000000e+02 8.000000000000000000e+00 5.924497246742248535e-01 5.000000000000000000e+00
9.580000000000000000e+02 5.360000000000000000e+02 9.840000000000000000e+02 5.620000000000000000e+02 8.000000000000000000e+00 6.306020617485046387e-01 6.000000000000000000e+00
9.590000000000000000e+02 5.350000000000000000e+02 9.850000000000000000e+02 5.610000000000000000e+02 8.000000000000000000e+00 5.803468227386474609e-01 7.000000000000000000e+00
9.580000000000000000e+02 5.380000000000000000e+02 9.840000000000000000e+02 5.640000000000000000e+02 8.000000000000000000e+00 6.336914896965026855e-01 8.000000000000000000e+00
9.590000000000000000e+02 5.380000000000000000e+02 9.850000000000000000e+02 5.640000000000000000e+02 8.000000000000000000e+00 5.452004075050354004e-01 9.000000000000000000e+00
9.590000000000000000e+02 5.400000000000000000e+02 9.850000000000000000e+02 5.660000000000000000e+02 8.000000000000000000e+00 5.248130559921264648e-01 1.000000000000000000e+01
9.150000000000000000e+02 6.060000000000000000e+02 9.410000000000000000e+02 6.320000000000000000e+02 8.000000000000000000e+00 4.404916465282440186e-01 1.100000000000000000e+01
9.150000000000000000e+02 6.060000000000000000e+02 9.410000000000000000e+02 6.320000000000000000e+02 8.000000000000000000e+00 3.930026590824127197e-01 1.200000000000000000e+01
9.590000000000000000e+02 5.390000000000000000e+02 9.850000000000000000e+02 5.650000000000000000e+02 8.000000000000000000e+00 4.881981313228607178e-01 1.300000000000000000e+01
9.680000000000000000e+02 5.400000000000000000e+02 9.940000000000000000e+02 5.660000000000000000e+02 8.000000000000000000e+00 4.382528066635131836e-01 1.400000000000000000e+01
9.630000000000000000e+02 5.410000000000000000e+02 9.890000000000000000e+02 5.670000000000000000e+02 8.000000000000000000e+00 4.822560846805572510e-01 1.500000000000000000e+01
9.700000000000000000e+02 5.400000000000000000e+02 9.960000000000000000e+02 5.660000000000000000e+02 8.000000000000000000e+00 4.404878020286560059e-01 1.600000000000000000e+01
9.710000000000000000e+02 5.390000000000000000e+02 9.970000000000000000e+02 5.650000000000000000e+02 8.000000000000000000e+00 5.331153273582458496e-01 1.700000000000000000e+01
9.730000000000000000e+02 5.350000000000000000e+02 9.990000000000000000e+02 5.610000000000000000e+02 8.000000000000000000e+00 5.245534181594848633e-01 1.800000000000000000e+01
9.730000000000000000e+02 5.360000000000000000e+02 9.990000000000000000e+02 5.620000000000000000e+02 8.000000000000000000e+00 5.400983691215515137e-01 1.900000000000000000e+01
0.000000000000000000e+00 0.000000000000000000e+00 0.000000000000000000e+00 0.000000000000000000e+00 0.000000000000000000e+00 0.000000000000000000e+00 0.000000000000000000e+00
0.000000000000000000e+00 0.000000000000000000e+00 0.000000000000000000e+00 0.000000000000000000e+00 0.000000000000000000e+00 0.000000000000000000e+00 1.000000000000000000e+00
0.000000000000000000e+00 0.000000000000000000e+00 0.000000000000000000e+00 0.000000000000000000e+00 0.000000000000000000e+00 0.000000000000000000e+00 2.000000000000000000e+00
0.000000000000000000e+00 0.000000000000000000e+00 0.000000000000000000e+00 0.000000000000000000e+00 0.000000000000000000e+00 0.000000000000000000e+00 3.000000000000000000e+00
0.000000000000000000e+00 0.000000000000000000e+00 0.000000000000000000e+00 0.000000000000000000e+00 0.000000000000000000e+00 0.000000000000000000e+00 4.000000000000000000e+00
0.000000000000000000e+00 0.000000000000000000e+00 0.000000000000000000e+00 0.000000000000000000e+00 0.000000000000000000e+00 0.000000000000000000e+00 5.000000000000000000e+00
0.000000000000000000e+00 0.000000000000000000e+00 0.000000000000000000e+00 0.000000000000000000e+00 0.000000000000000000e+00 0.000000000000000000e+00 6.000000000000000000e+00
0.000000000000000000e+00 0.000000000000000000e+00 0.000000000000000000e+00 0.000000000000000000e+00 0.000000000000000000e+00 0.000000000000000000e+00 7.000000000000000000e+00
9.150000000000000000e+02 6.140000000000000000e+02 9.410000000000000000e+02 6.400000000000000000e+02 8.000000000000000000e+00 3.508559465408325195e-01 8.000000000000000000e+00
9.150000000000000000e+02 6.140000000000000000e+02 9.410000000000000000e+02 6.400000000000000000e+02 8.000000000000000000e+00 4.763558804988861084e-01 9.000000000000000000e+00
9.150000000000000000e+02 6.060000000000000000e+02 9.410000000000000000e+02 6.320000000000000000e+02 8.000000000000000000e+00 4.138553440570831299e-01 1.000000000000000000e+01
9.580000000000000000e+02 5.400000000000000000e+02 9.840000000000000000e+02 5.660000000000000000e+02 8.000000000000000000e+00 4.132636785507202148e-01 1.100000000000000000e+01
9.590000000000000000e+02 5.400000000000000000e+02 9.850000000000000000e+02 5.660000000000000000e+02 8.000000000000000000e+00 3.514189720153808594e-01 1.200000000000000000e+01
9.250000000000000000e+02 6.160000000000000000e+02 9.510000000000000000e+02 6.420000000000000000e+02 8.000000000000000000e+00 3.255998790264129639e-01 1.300000000000000000e+01
0.000000000000000000e+00 0.000000000000000000e+00 0.000000000000000000e+00 0.000000000000000000e+00 0.000000000000000000e+00 0.000000000000000000e+00 1.400000000000000000e+01
9.210000000000000000e+02 6.140000000000000000e+02 9.470000000000000000e+02 6.400000000000000000e+02 8.000000000000000000e+00 3.358291089534759521e-01 1.500000000000000000e+01
0.000000000000000000e+00 0.000000000000000000e+00 0.000000000000000000e+00 0.000000000000000000e+00 0.000000000000000000e+00 0.000000000000000000e+00 1.600000000000000000e+01
0.000000000000000000e+00 0.000000000000000000e+00 0.000000000000000000e+00 0.000000000000000000e+00 0.000000000000000000e+00 0.000000000000000000e+00 1.700000000000000000e+01
0.000000000000000000e+00 0.000000000000000000e+00 0.000000000000000000e+00 0.000000000000000000e+00 0.000000000000000000e+00 0.000000000000000000e+00 1.800000000000000000e+01
9.300000000000000000e+02 6.100000000000000000e+02 9.560000000000000000e+02 6.360000000000000000e+02 8.000000000000000000e+00 3.093335330486297607e-01 1.900000000000000000e+01
9.830000000000000000e+02 5.610000000000000000e+02 1.009000000000000000e+03 5.870000000000000000e+02 7.000000000000000000e+00 3.501468002796173096e-01 0.000000000000000000e+00
9.790000000000000000e+02 5.630000000000000000e+02 1.005000000000000000e+03 5.890000000000000000e+02 7.000000000000000000e+00 4.812982380390167236e-01 1.000000000000000000e+00
9.800000000000000000e+02 5.670000000000000000e+02 1.006000000000000000e+03 5.930000000000000000e+02 7.000000000000000000e+00 5.320301651954650879e-01 2.000000000000000000e+00
9.890000000000000000e+02 5.640000000000000000e+02 1.015000000000000000e+03 5.900000000000000000e+02 7.000000000000000000e+00 4.726084172725677490e-01 3.000000000000000000e+00
9.800000000000000000e+02 5.690000000000000000e+02 1.006000000000000000e+03 5.950000000000000000e+02 7.000000000000000000e+00 5.659793019294738770e-01 4.000000000000000000e+00
9.810000000000000000e+02 5.580000000000000000e+02 1.007000000000000000e+03 5.840000000000000000e+02 7.000000000000000000e+00 5.224204063415527344e-01 5.000000000000000000e+00
9.800000000000000000e+02 5.580000000000000000e+02 1.006000000000000000e+03 5.840000000000000000e+02 7.000000000000000000e+00 5.645586848258972168e-01 6.000000000000000000e+00
9.810000000000000000e+02 5.680000000000000000e+02 1.007000000000000000e+03 5.940000000000000000e+02 7.000000000000000000e+00 5.157639384269714355e-01 7.000000000000000000e+00
9.800000000000000000e+02 5.600000000000000000e+02 1.006000000000000000e+03 5.860000000000000000e+02 7.000000000000000000e+00 5.090486407279968262e-01 8.000000000000000000e+00
9.810000000000000000e+02 5.600000000000000000e+02 1.007000000000000000e+03 5.860000000000000000e+02 7.000000000000000000e+00 4.130326211452484131e-01 9.000000000000000000e+00
9.810000000000000000e+02 5.620000000000000000e+02 1.007000000000000000e+03 5.880000000000000000e+02 7.000000000000000000e+00 3.795935809612274170e-01 1.000000000000000000e+01
0.000000000000000000e+00 0.000000000000000000e+00 0.000000000000000000e+00 0.000000000000000000e+00 0.000000000000000000e+00 0.000000000000000000e+00 1.100000000000000000e+01
0.000000000000000000e+00 0.000000000000000000e+00 0.000000000000000000e+00 0.000000000000000000e+00 0.000000000000000000e+00 0.000000000000000000e+00 1.200000000000000000e+01
9.810000000000000000e+02 5.610000000000000000e+02 1.007000000000000000e+03 5.870000000000000000e+02 7.000000000000000000e+00 3.052151501178741455e-01 1.300000000000000000e+01
0.000000000000000000e+00 0.000000000000000000e+00 0.000000000000000000e+00 0.000000000000000000e+00 0.000000000000000000e+00 0.000000000000000000e+00 1.400000000000000000e+01
9.840000000000000000e+02 5.620000000000000000e+02 1.010000000000000000e+03 5.880000000000000000e+02 7.000000000000000000e+00 3.550234436988830566e-01 1.500000000000000000e+01
9.810000000000000000e+02 5.610000000000000000e+02 1.007000000000000000e+03 5.870000000000000000e+02 7.000000000000000000e+00 4.035282731056213379e-01 1.600000000000000000e+01
9.820000000000000000e+02 5.600000000000000000e+02 1.008000000000000000e+03 5.860000000000000000e+02 7.000000000000000000e+00 3.186994493007659912e-01 1.700000000000000000e+01
9.840000000000000000e+02 5.560000000000000000e+02 1.010000000000000000e+03 5.820000000000000000e+02 7.000000000000000000e+00 3.105379343032836914e-01 1.800000000000000000e+01
0.000000000000000000e+00 0.000000000000000000e+00 0.000000000000000000e+00 0.000000000000000000e+00 0.000000000000000000e+00 0.000000000000000000e+00 1.900000000000000000e+01
0.000000000000000000e+00 0.000000000000000000e+00 0.000000000000000000e+00 0.000000000000000000e+00 0.000000000000000000e+00 0.000000000000000000e+00 0.000000000000000000e+00
0.000000000000000000e+00 0.000000000000000000e+00 0.000000000000000000e+00 0.000000000000000000e+00 0.000000000000000000e+00 0.000000000000000000e+00 1.000000000000000000e+00
0.000000000000000000e+00 0.000000000000000000e+00 0.000000000000000000e+00 0.000000000000000000e+00 0.000000000000000000e+00 0.000000000000000000e+00 2.000000000000000000e+00
0.000000000000000000e+00 0.000000000000000000e+00 0.000000000000000000e+00 0.000000000000000000e+00 0.000000000000000000e+00 0.000000000000000000e+00 3.000000000000000000e+00
0.000000000000000000e+00 0.000000000000000000e+00 0.000000000000000000e+00 0.000000000000000000e+00 0.000000000000000000e+00 0.000000000000000000e+00 4.000000000000000000e+00
0.000000000000000000e+00 0.000000000000000000e+00 0.000000000000000000e+00 0.000000000000000000e+00 0.000000000000000000e+00 0.000000000000000000e+00 5.000000000000000000e+00
0.000000000000000000e+00 0.000000000000000000e+00 0.000000000000000000e+00 0.000000000000000000e+00 0.000000000000000000e+00 0.000000000000000000e+00 6.000000000000000000e+00
0.000000000000000000e+00 0.000000000000000000e+00 0.000000000000000000e+00 0.000000000000000000e+00 0.000000000000000000e+00 0.000000000000000000e+00 7.000000000000000000e+00
0.000000000000000000e+00 0.000000000000000000e+00 0.000000000000000000e+00 0.000000000000000000e+00 0.000000000000000000e+00 0.000000000000000000e+00 8.000000000000000000e+00
0.000000000000000000e+00 0.000000000000000000e+00 0.000000000000000000e+00 0.000000000000000000e+00 0.000000000000000000e+00 0.000000000000000000e+00 9.000000000000000000e+00
0.000000000000000000e+00 0.000000000000000000e+00 0.000000000000000000e+00 0.000000000000000000e+00 0.000000000000000000e+00 0.000000000000000000e+00 1.000000000000000000e+01
0.000000000000000000e+00 0.000000000000000000e+00 0.000000000000000000e+00 0.000000000000000000e+00 0.000000000000000000e+00 0.000000000000000000e+00 1.100000000000000000e+01
0.000000000000000000e+00 0.000000000000000000e+00 0.000000000000000000e+00 0.000000000000000000e+00 0.000000000000000000e+00 0.000000000000000000e+00 1.200000000000000000e+01
0.000000000000000000e+00 0.000000000000000000e+00 0.000000000000000000e+00 0.000000000000000000e+00 0.000000000000000000e+00 0.000000000000000000e+00 1.300000000000000000e+01
0.000000000000000000e+00 0.000000000000000000e+00 0.000000000000000000e+00 0.000000000000000000e+00 0.000000000000000000e+00 0.000000000000000000e+00 1.400000000000000000e+01
0.000000000000000000e+00 0.000000000000000000e+00 0.000000000000000000e+00 0.000000000000000000e+00 0.000000000000000000e+00 0.000000000000000000e+00 1.500000000000000000e+01
0.000000000000000000e+00 0.000000000000000000e+00 0.000000000000000000e+00 0.000000000000000000e+00 0.000000000000000000e+00 0.000000000000000000e+00 1.600000000000000000e+01
0.000000000000000000e+00 0.000000000000000000e+00 0.000000000000000000e+00 0.000000000000000000e+00 0.000000000000000000e+00 0.000000000000000000e+00 1.700000000000000000e+01
0.000000000000000000e+00 0.000000000000000000e+00 0.000000000000000000e+00 0.000000000000000000e+00 0.000000000000000000e+00 0.000000000000000000e+00 1.800000000000000000e+01
0.000000000000000000e+00 0.000000000000000000e+00 0.000000000000000000e+00 0.000000000000000000e+00 0.000000000000000000e+00 0.000000000000000000e+00 1.900000000000000000e+01
0.000000000000000000e+00 0.000000000000000000e+00 0.000000000000000000e+00 0.000000000000000000e+00 0.000000000000000000e+00 0.000000000000000000e+00 0.000000000000000000e+00
0.000000000000000000e+00 0.000000000000000000e+00 0.000000000000000000e+00 0.000000000000000000e+00 0.000000000000000000e+00 0.000000000000000000e+00 1.000000000000000000e+00
0.000000000000000000e+00 0.000000000000000000e+00 0.000000000000000000e+00 0.000000000000000000e+00 0.000000000000000000e+00 0.000000000000000000e+00 2.000000000000000000e+00
0.000000000000000000e+00 0.000000000000000000e+00 0.000000000000000000e+00 0.000000000000000000e+00 0.000000000000000000e+00 0.000000000000000000e+00 3.000000000000000000e+00
0.000000000000000000e+00 0.000000000000000000e+00 0.000000000000000000e+00 0.000000000000000000e+00 0.000000000000000000e+00 0.000000000000000000e+00 4.000000000000000000e+00
0.000000000000000000e+00 0.000000000000000000e+00 0.000000000000000000e+00 0.000000000000000000e+00 0.000000000000000000e+00 0.000000000000000000e+00 5.000000000000000000e+00
0.000000000000000000e+00 0.000000000000000000e+00 0.000000000000000000e+00 0.000000000000000000e+00 0.000000000000000000e+00 0.000000000000000000e+00 6.000000000000000000e+00
0.000000000000000000e+00 0.000000000000000000e+00 0.000000000000000000e+00 0.000000000000000000e+00 0.000000000000000000e+00 0.000000000000000000e+00 7.000000000000000000e+00
0.000000000000000000e+00 0.000000000000000000e+00 0.000000000000000000e+00 0.000000000000000000e+00 0.000000000000000000e+00 0.000000000000000000e+00 8.000000000000000000e+00
0.000000000000000000e+00 0.000000000000000000e+00 0.000000000000000000e+00 0.000000000000000000e+00 0.000000000000000000e+00 0.000000000000000000e+00 9.000000000000000000e+00
0.000000000000000000e+00 0.000000000000000000e+00 0.000000000000000000e+00 0.000000000000000000e+00 0.000000000000000000e+00 0.000000000000000000e+00 1.000000000000000000e+01
0.000000000000000000e+00 0.000000000000000000e+00 0.000000000000000000e+00 0.000000000000000000e+00 0.000000000000000000e+00 0.000000000000000000e+00 1.100000000000000000e+01
0.000000000000000000e+00 0.000000000000000000e+00 0.000000000000000000e+00 0.000000000000000000e+00 0.000000000000000000e+00 0.000000000000000000e+00 1.200000000000000000e+01
0.000000000000000000e+00 0.000000000000000000e+00 0.000000000000000000e+00 0.000000000000000000e+00 0.000000000000000000e+00 0.000000000000000000e+00 1.300000000000000000e+01
0.000000000000000000e+00 0.000000000000000000e+00 0.000000000000000000e+00 0.000000000000000000e+00 0.000000000000000000e+00 0.000000000000000000e+00 1.400000000000000000e+01
0.000000000000000000e+00 0.000000000000000000e+00 0.000000000000000000e+00 0.000000000000000000e+00 0.000000000000000000e+00 0.000000000000000000e+00 1.500000000000000000e+01
9.500000000000000000e+02 5.710000000000000000e+02 9.760000000000000000e+02 5.970000000000000000e+02 6.000000000000000000e+00 3.093317449092864990e-01 1.600000000000000000e+01
0.000000000000000000e+00 0.000000000000000000e+00 0.000000000000000000e+00 0.000000000000000000e+00 0.000000000000000000e+00 0.000000000000000000e+00 1.700000000000000000e+01
0.000000000000000000e+00 0.000000000000000000e+00 0.000000000000000000e+00 0.000000000000000000e+00 0.000000000000000000e+00 0.000000000000000000e+00 1.800000000000000000e+01
0.000000000000000000e+00 0.000000000000000000e+00 0.000000000000000000e+00 0.000000000000000000e+00 0.000000000000000000e+00 0.000000000000000000e+00 1.900000000000000000e+01
0.000000000000000000e+00 0.000000000000000000e+00 0.000000000000000000e+00 0.000000000000000000e+00 0.000000000000000000e+00 0.000000000000000000e+00 0.000000000000000000e+00
0.000000000000000000e+00 0.000000000000000000e+00 0.000000000000000000e+00 0.000000000000000000e+00 0.000000000000000000e+00 0.000000000000000000e+00 1.000000000000000000e+00
0.000000000000000000e+00 0.000000000000000000e+00 0.000000000000000000e+00 0.000000000000000000e+00 0.000000000000000000e+00 0.000000000000000000e+00 2.000000000000000000e+00
0.000000000000000000e+00 0.000000000000000000e+00 0.000000000000000000e+00 0.000000000000000000e+00 0.000000000000000000e+00 0.000000000000000000e+00 3.000000000000000000e+00
0.000000000000000000e+00 0.000000000000000000e+00 0.000000000000000000e+00 0.000000000000000000e+00 0.000000000000000000e+00 0.000000000000000000e+00 4.000000000000000000e+00
0.000000000000000000e+00 0.000000000000000000e+00 0.000000000000000000e+00 0.000000000000000000e+00 0.000000000000000000e+00 0.000000000000000000e+00 5.000000000000000000e+00
0.000000000000000000e+00 0.000000000000000000e+00 0.000000000000000000e+00 0.000000000000000000e+00 0.000000000000000000e+00 0.000000000000000000e+00 6.000000000000000000e+00
0.000000000000000000e+00 0.000000000000000000e+00 0.000000000000000000e+00 0.000000000000000000e+00 0.000000000000000000e+00 0.000000000000000000e+00 7.000000000000000000e+00
0.000000000000000000e+00 0.000000000000000000e+00 0.000000000000000000e+00 0.000000000000000000e+00 0.000000000000000000e+00 0.000000000000000000e+00 8.000000000000000000e+00
0.000000000000000000e+00 0.000000000000000000e+00 0.000000000000000000e+00 0.000000000000000000e+00 0.000000000000000000e+00 0.000000000000000000e+00 9.000000000000000000e+00
0.000000000000000000e+00 0.000000000000000000e+00 0.000000000000000000e+00 0.000000000000000000e+00 0.000000000000000000e+00 0.000000000000000000e+00 1.000000000000000000e+01
0.000000000000000000e+00 0.000000000000000000e+00 0.000000000000000000e+00 0.000000000000000000e+00 0.000000000000000000e+00 0.000000000000000000e+00 1.100000000000000000e+01
0.000000000000000000e+00 0.000000000000000000e+00 0.000000000000000000e+00 0.000000000000000000e+00 0.000000000000000000e+00 0.000000000000000000e+00 1.200000000000000000e+01
0.000000000000000000e+00 0.000000000000000000e+00 0.000000000000000000e+00 0.000000000000000000e+00 0.000000000000000000e+00 0.000000000000000000e+00 1.300000000000000000e+01
0.000000000000000000e+00 0.000000000000000000e+00 0.000000000000000000e+00 0.000000000000000000e+00 0.000000000000000000e+00 0.000000000000000000e+00 1.400000000000000000e+01
0.000000000000000000e+00 0.000000000000000000e+00 0.000000000000000000e+00 0.000000000000000000e+00 0.000000000000000000e+00 0.000000000000000000e+00 1.500000000000000000e+01
0.000000000000000000e+00 0.000000000000000000e+00 0.000000000000000000e+00 0.000000000000000000e+00 0.000000000000000000e+00 0.000000000000000000e+00 1.600000000000000000e+01
0.000000000000000000e+00 0.000000000000000000e+00 0.000000000000000000e+00 0.000000000000000000e+00 0.000000000000000000e+00 0.000000000000000000e+00 1.700000000000000000e+01
0.000000000000000000e+00 0.000000000000000000e+00 0.000000000000000000e+00 0.000000000000000000e+00 0.000000000000000000e+00 0.000000000000000000e+00 1.800000000000000000e+01
0.000000000000000000e+00 0.000000000000000000e+00 0.000000000000000000e+00 0.000000000000000000e+00 0.000000000000000000e+00 0.000000000000000000e+00 1.900000000000000000e+01
9.940000000000000000e+02 7.270000000000000000e+02 1.020000000000000000e+03 7.530000000000000000e+02 4.000000000000000000e+00 6.930999755859375000e-01 0.000000000000000000e+00
9.990000000000000000e+02 7.250000000000000000e+02 1.025000000000000000e+03 7.510000000000000000e+02 4.000000000000000000e+00 7.130228877067565918e-01 1.000000000000000000e+00
9.910000000000000000e+02 7.270000000000000000e+02 1.017000000000000000e+03 7.530000000000000000e+02 4.000000000000000000e+00 5.723841786384582520e-01 2.000000000000000000e+00
1.000000000000000000e+03 7.270000000000000000e+02 1.026000000000000000e+03 7.530000000000000000e+02 4.000000000000000000e+00 6.051634550094604492e-01 3.000000000000000000e+00
9.920000000000000000e+02 7.240000000000000000e+02 1.018000000000000000e+03 7.500000000000000000e+02 4.000000000000000000e+00 7.353541254997253418e-01 4.000000000000000000e+00
9.920000000000000000e+02 7.250000000000000000e+02 1.018000000000000000e+03 7.510000000000000000e+02 4.000000000000000000e+00 7.348504662513732910e-01 5.000000000000000000e+00
9.920000000000000000e+02 7.240000000000000000e+02 1.018000000000000000e+03 7.500000000000000000e+02 4.000000000000000000e+00 7.106719613075256348e-01 6.000000000000000000e+00
9.930000000000000000e+02 7.230000000000000000e+02 1.019000000000000000e+03 7.490000000000000000e+02 4.000000000000000000e+00 7.394199371337890625e-01 7.000000000000000000e+00
9.910000000000000000e+02 7.220000000000000000e+02 1.017000000000000000e+03 7.480000000000000000e+02 4.000000000000000000e+00 7.123095989227294922e-01 8.000000000000000000e+00
9.920000000000000000e+02 7.240000000000000000e+02 1.018000000000000000e+03 7.500000000000000000e+02 4.000000000000000000e+00 6.617520451545715332e-01 9.000000000000000000e+00
9.920000000000000000e+02 7.240000000000000000e+02 1.018000000000000000e+03 7.500000000000000000e+02 4.000000000000000000e+00 6.254996061325073242e-01 1.000000000000000000e+01
9.910000000000000000e+02 7.240000000000000000e+02 1.017000000000000000e+03 7.500000000000000000e+02 4.000000000000000000e+00 6.260877251625061035e-01 1.100000000000000000e+01
9.920000000000000000e+02 7.160000000000000000e+02 1.018000000000000000e+03 7.420000000000000000e+02 4.000000000000000000e+00 6.184675097465515137e-01 1.200000000000000000e+01
9.930000000000000000e+02 7.160000000000000000e+02 1.019000000000000000e+03 7.420000000000000000e+02 4.000000000000000000e+00 6.672170162200927734e-01 1.300000000000000000e+01
9.910000000000000000e+02 7.160000000000000000e+02 1.017000000000000000e+03 7.420000000000000000e+02 4.000000000000000000e+00 6.879293322563171387e-01 1.400000000000000000e+01
9.940000000000000000e+02 7.180000000000000000e+02 1.020000000000000000e+03 7.440000000000000000e+02 4.000000000000000000e+00 6.931378841400146484e-01 1.500000000000000000e+01
9.910000000000000000e+02 7.140000000000000000e+02 1.017000000000000000e+03 7.400000000000000000e+02 4.000000000000000000e+00 7.327606678009033203e-01 1.600000000000000000e+01
9.920000000000000000e+02 7.150000000000000000e+02 1.018000000000000000e+03 7.410000000000000000e+02 4.000000000000000000e+00 7.010403275489807129e-01 1.700000000000000000e+01
9.940000000000000000e+02 7.160000000000000000e+02 1.020000000000000000e+03 7.420000000000000000e+02 4.000000000000000000e+00 7.029752731323242188e-01 1.800000000000000000e+01
9.940000000000000000e+02 7.150000000000000000e+02 1.020000000000000000e+03 7.410000000000000000e+02 4.000000000000000000e+00 7.657070159912109375e-01 1.900000000000000000e+01
0.000000000000000000e+00 0.000000000000000000e+00 0.000000000000000000e+00 0.000000000000000000e+00 0.000000000000000000e+00 0.000000000000000000e+00 0.000000000000000000e+00
0.000000000000000000e+00 0.000000000000000000e+00 0.000000000000000000e+00 0.000000000000000000e+00 0.000000000000000000e+00 0.000000000000000000e+00 1.000000000000000000e+00
0.000000000000000000e+00 0.000000000000000000e+00 0.000000000000000000e+00 0.000000000000000000e+00 0.000000000000000000e+00 0.000000000000000000e+00 2.000000000000000000e+00
0.000000000000000000e+00 0.000000000000000000e+00 0.000000000000000000e+00 0.000000000000000000e+00 0.000000000000000000e+00 0.000000000000000000e+00 3.000000000000000000e+00
0.000000000000000000e+00 0.000000000000000000e+00 0.000000000000000000e+00 0.000000000000000000e+00 0.000000000000000000e+00 0.000000000000000000e+00 4.000000000000000000e+00
0.000000000000000000e+00 0.000000000000000000e+00 0.000000000000000000e+00 0.000000000000000000e+00 0.000000000000000000e+00 0.000000000000000000e+00 5.000000000000000000e+00
0.000000000000000000e+00 0.000000000000000000e+00 0.000000000000000000e+00 0.000000000000000000e+00 0.000000000000000000e+00 0.000000000000000000e+00 6.000000000000000000e+00
0.000000000000000000e+00 0.000000000000000000e+00 0.000000000000000000e+00 0.000000000000000000e+00 0.000000000000000000e+00 0.000000000000000000e+00 7.000000000000000000e+00
0.000000000000000000e+00 0.000000000000000000e+00 0.000000000000000000e+00 0.000000000000000000e+00 0.000000000000000000e+00 0.000000000000000000e+00 8.000000000000000000e+00
0.000000000000000000e+00 0.000000000000000000e+00 0.000000000000000000e+00 0.000000000000000000e+00 0.000000000000000000e+00 0.000000000000000000e+00 9.000000000000000000e+00
0.000000000000000000e+00 0.000000000000000000e+00 0.000000000000000000e+00 0.000000000000000000e+00 0.000000000000000000e+00 0.000000000000000000e+00 1.000000000000000000e+01
0.000000000000000000e+00 0.000000000000000000e+00 0.000000000000000000e+00 0.000000000000000000e+00 0.000000000000000000e+00 0.000000000000000000e+00 1.100000000000000000e+01
0.000000000000000000e+00 0.000000000000000000e+00 0.000000000000000000e+00 0.000000000000000000e+00 0.000000000000000000e+00 0.000000000000000000e+00 1.200000000000000000e+01
0.000000000000000000e+00 0.000000000000000000e+00 0.000000000000000000e+00 0.000000000000000000e+00 0.000000000000000000e+00 0.000000000000000000e+00 1.300000000000000000e+01
0.000000000000000000e+00 0.000000000000000000e+00 0.000000000000000000e+00 0.000000000000000000e+00 0.000000000000000000e+00 0.000000000000000000e+00 1.400000000000000000e+01
0.000000000000000000e+00 0.000000000000000000e+00 0.000000000000000000e+00 0.000000000000000000e+00 0.000000000000000000e+00 0.000000000000000000e+00 1.500000000000000000e+01
0.000000000000000000e+00 0.000000000000000000e+00 0.000000000000000000e+00 0.000000000000000000e+00 0.000000000000000000e+00 0.000000000000000000e+00 1.600000000000000000e+01
0.000000000000000000e+00 0.000000000000000000e+00 0.000000000000000000e+00 0.000000000000000000e+00 0.000000000000000000e+00 0.000000000000000000e+00 1.700000000000000000e+01
0.000000000000000000e+00 0.000000000000000000e+00 0.000000000000000000e+00 0.000000000000000000e+00 0.000000000000000000e+00 0.000000000000000000e+00 1.800000000000000000e+01
0.000000000000000000e+00 0.000000000000000000e+00 0.000000000000000000e+00 0.000000000000000000e+00 0.000000000000000000e+00 0.000000000000000000e+00 1.900000000000000000e+01
1.005000000000000000e+03 6.860000000000000000e+02 1.031000000000000000e+03 7.120000000000000000e+02 3.000000000000000000e+00 7.063214182853698730e-01 0.000000000000000000e+00
1.010000000000000000e+03 6.850000000000000000e+02 1.036000000000000000e+03 7.110000000000000000e+02 3.000000000000000000e+00 7.735028266906738281e-01 1.000000000000000000e+00
1.012000000000000000e+03 6.850000000000000000e+02 1.038000000000000000e+03 7.110000000000000000e+02 3.000000000000000000e+00 7.190572023391723633e-01 2.000000000000000000e+00
1.011000000000000000e+03 6.840000000000000000e+02 1.037000000000000000e+03 7.100000000000000000e+02 3.000000000000000000e+00 7.346323728561401367e-01 3.000000000000000000e+00
1.013000000000000000e+03 6.800000000000000000e+02 1.039000000000000000e+03 7.060000000000000000e+02 3.000000000000000000e+00 6.926805973052978516e-01 4.000000000000000000e+00
1.014000000000000000e+03 6.810000000000000000e+02 1.040000000000000000e+03 7.070000000000000000e+02 3.000000000000000000e+00 6.543908715248107910e-01 5.000000000000000000e+00
1.013000000000000000e+03 6.800000000000000000e+02 1.039000000000000000e+03 7.060000000000000000e+02 3.000000000000000000e+00 7.186978459358215332e-01 6.000000000000000000e+00
1.014000000000000000e+03 6.790000000000000000e+02 1.040000000000000000e+03 7.050000000000000000e+02 3.000000000000000000e+00 6.458600163459777832e-01 7.000000000000000000e+00
1.012000000000000000e+03 6.800000000000000000e+02 1.038000000000000000e+03 7.060000000000000000e+02 3.000000000000000000e+00 6.922342181205749512e-01 8.000000000000000000e+00
1.013000000000000000e+03 6.810000000000000000e+02 1.039000000000000000e+03 7.070000000000000000e+02 3.000000000000000000e+00 7.001907825469970703e-01 9.000000000000000000e+00
1.013000000000000000e+03 6.810000000000000000e+02 1.039000000000000000e+03 7.070000000000000000e+02 3.000000000000000000e+00 6.962079405784606934e-01 1.000000000000000000e+01
1.012000000000000000e+03 6.810000000000000000e+02 1.038000000000000000e+03 7.070000000000000000e+02 3.000000000000000000e+00 6.846919059753417969e-01 1.100000000000000000e+01
1.013000000000000000e+03 6.820000000000000000e+02 1.039000000000000000e+03 7.080000000000000000e+02 3.000000000000000000e+00 6.397181153297424316e-01 1.200000000000000000e+01
1.004000000000000000e+03 6.830000000000000000e+02 1.030000000000000000e+03 7.090000000000000000e+02 3.000000000000000000e+00 6.808787584304809570e-01 1.300000000000000000e+01
1.002000000000000000e+03 6.820000000000000000e+02 1.028000000000000000e+03 7.080000000000000000e+02 3.000000000000000000e+00 6.589089035987854004e-01 1.400000000000000000e+01
1.004000000000000000e+03 6.770000000000000000e+02 1.030000000000000000e+03 7.030000000000000000e+02 3.000000000000000000e+00 7.586392164230346680e-01 1.500000000000000000e+01
1.001000000000000000e+03 6.730000000000000000e+02 1.027000000000000000e+03 6.990000000000000000e+02 3.000000000000000000e+00 7.324925065040588379e-01 1.600000000000000000e+01
1.002000000000000000e+03 6.740000000000000000e+02 1.028000000000000000e+03 7.000000000000000000e+02 3.000000000000000000e+00 7.155359983444213867e-01 1.700000000000000000e+01
1.005000000000000000e+03 6.740000000000000000e+02 1.031000000000000000e+03 7.000000000000000000e+02 3.000000000000000000e+00 7.169038653373718262e-01 1.800000000000000000e+01
1.005000000000000000e+03 6.830000000000000000e+02 1.031000000000000000e+03 7.090000000000000000e+02 3.000000000000000000e+00 7.076898813247680664e-01 1.900000000000000000e+01
0.000000000000000000e+00 0.000000000000000000e+00 0.000000000000000000e+00 0.000000000000000000e+00 0.000000000000000000e+00 0.000000000000000000e+00 0.000000000000000000e+00
0.000000000000000000e+00 0.000000000000000000e+00 0.000000000000000000e+00 0.000000000000000000e+00 0.000000000000000000e+00 0.000000000000000000e+00 1.000000000000000000e+00
0.000000000000000000e+00 0.000000000000000000e+00 0.000000000000000000e+00 0.000000000000000000e+00 0.000000000000000000e+00 0.000000000000000000e+00 2.000000000000000000e+00
0.000000000000000000e+00 0.000000000000000000e+00 0.000000000000000000e+00 0.000000000000000000e+00 0.000000000000000000e+00 0.000000000000000000e+00 3.000000000000000000e+00
0.000000000000000000e+00 0.000000000000000000e+00 0.000000000000000000e+00 0.000000000000000000e+00 0.000000000000000000e+00 0.000000000000000000e+00 4.000000000000000000e+00
0.000000000000000000e+00 0.000000000000000000e+00 0.000000000000000000e+00 0.000000000000000000e+00 0.000000000000000000e+00 0.000000000000000000e+00 5.000000000000000000e+00
0.000000000000000000e+00 0.000000000000000000e+00 0.000000000000000000e+00 0.000000000000000000e+00 0.000000000000000000e+00 0.000000000000000000e+00 6.000000000000000000e+00
0.000000000000000000e+00 0.000000000000000000e+00 0.000000000000000000e+00 0.000000000000000000e+00 0.000000000000000000e+00 0.000000000000000000e+00 7.000000000000000000e+00
0.000000000000000000e+00 0.000000000000000000e+00 0.000000000000000000e+00 0.000000000000000000e+00 0.000000000000000000e+00 0.000000000000000000e+00 8.000000000000000000e+00
0.000000000000000000e+00 0.000000000000000000e+00 0.000000000000000000e+00 0.000000000000000000e+00 0.000000000000000000e+00 0.000000000000000000e+00 9.000000000000000000e+00
0.000000000000000000e+00 0.000000000000000000e+00 0.000000000000000000e+00 0.000000000000000000e+00 0.000000000000000000e+00 0.000000000000000000e+00 1.000000000000000000e+01
0.000000000000000000e+00 0.000000000000000000e+00 0.000000000000000000e+00 0.000000000000000000e+00 0.000000000000000000e+00 0.000000000000000000e+00 1.100000000000000000e+01
0.000000000000000000e+00 0.000000000000000000e+00 0.000000000000000000e+00 0.000000000000000000e+00 0.000000000000000000e+00 0.000000000000000000e+00 1.200000000000000000e+01
0.000000000000000000e+00 0.000000000000000000e+00 0.000000000000000000e+00 0.000000000000000000e+00 0.000000000000000000e+00 0.000000000000000000e+00 1.300000000000000000e+01
0.000000000000000000e+00 0.000000000000000000e+00 0.000000000000000000e+00 0.000000000000000000e+00 0.000000000000000000e+00 0.000000000000000000e+00 1.400000000000000000e+01
0.000000000000000000e+00 0.000000000000000000e+00 0.000000000000000000e+00 0.000000000000000000e+00 0.000000000000000000e+00 0.000000000000000000e+00 1.500000000000000000e+01
0.000000000000000000e+00 0.000000000000000000e+00 0.000000000000000000e+00 0.000000000000000000e+00 0.000000000000000000e+00 0.000000000000000000e+00 1.600000000000000000e+01
0.000000000000000000e+00 0.000000000000000000e+00 0.000000000000000000e+00 0.000000000000000000e+00 0.000000000000000000e+00 0.000000000000000000e+00 1.700000000000000000e+01
0.000000000000000000e+00 0.000000000000000000e+00 0.000000000000000000e+00 0.000000000000000000e+00 0.000000000000000000e+00 0.000000000000000000e+00 1.800000000000000000e+01
0.000000000000000000e+00 0.000000000000000000e+00 0.000000000000000000e+00 0.000000000000000000e+00 0.000000000000000000e+00 0.000000000000000000e+00 1.900000000000000000e+01
0.000000000000000000e+00 0.000000000000000000e+00 0.000000000000000000e+00 0.000000000000000000e+00 0.000000000000000000e+00 0.000000000000000000e+00 0.000000000000000000e+00
0.000000000000000000e+00 0.000000000000000000e+00 0.000000000000000000e+00 0.000000000000000000e+00 0.000000000000000000e+00 0.000000000000000000e+00 1.000000000000000000e+00
0.000000000000000000e+00 0.000000000000000000e+00 0.000000000000000000e+00 0.000000000000000000e+00 0.000000000000000000e+00 0.000000000000000000e+00 2.000000000000000000e+00
0.000000000000000000e+00 0.000000000000000000e+00 0.000000000000000000e+00 0.000000000000000000e+00 0.000000000000000000e+00 0.000000000000000000e+00 3.000000000000000000e+00
0.000000000000000000e+00 0.000000000000000000e+00 0.000000000000000000e+00 0.000000000000000000e+00 0.000000000000000000e+00 0.000000000000000000e+00 4.000000000000000000e+00
0.000000000000000000e+00 0.000000000000000000e+00 0.000000000000000000e+00 0.000000000000000000e+00 0.000000000000000000e+00 0.000000000000000000e+00 5.000000000000000000e+00
0.000000000000000000e+00 0.000000000000000000e+00 0.000000000000000000e+00 0.000000000000000000e+00 0.000000000000000000e+00 0.000000000000000000e+00 6.000000000000000000e+00
0.000000000000000000e+00 0.000000000000000000e+00 0.000000000000000000e+00 0.000000000000000000e+00 0.000000000000000000e+00 0.000000000000000000e+00 7.000000000000000000e+00
0.000000000000000000e+00 0.000000000000000000e+00 0.000000000000000000e+00 0.000000000000000000e+00 0.000000000000000000e+00 0.000000000000000000e+00 8.000000000000000000e+00
0.000000000000000000e+00 0.000000000000000000e+00 0.000000000000000000e+00 0.000000000000000000e+00 0.000000000000000000e+00 0.000000000000000000e+00 9.000000000000000000e+00
0.000000000000000000e+00 0.000000000000000000e+00 0.000000000000000000e+00 0.000000000000000000e+00 0.000000000000000000e+00 0.000000000000000000e+00 1.000000000000000000e+01
0.000000000000000000e+00 0.000000000000000000e+00 0.000000000000000000e+00 0.000000000000000000e+00 0.000000000000000000e+00 0.000000000000000000e+00 1.100000000000000000e+01
0.000000000000000000e+00 0.000000000000000000e+00 0.000000000000000000e+00 0.000000000000000000e+00 0.000000000000000000e+00 0.000000000000000000e+00 1.200000000000000000e+01
0.000000000000000000e+00 0.000000000000000000e+00 0.000000000000000000e+00 0.000000000000000000e+00 0.000000000000000000e+00 0.000000000000000000e+00 1.300000000000000000e+01
0.000000000000000000e+00 0.000000000000000000e+00 0.000000000000000000e+00 0.000000000000000000e+00 0.000000000000000000e+00 0.000000000000000000e+00 1.400000000000000000e+01
0.000000000000000000e+00 0.000000000000000000e+00 0.000000000000000000e+00 0.000000000000000000e+00 0.000000000000000000e+00 0.000000000000000000e+00 1.500000000000000000e+01
0.000000000000000000e+00 0.000000000000000000e+00 0.000000000000000000e+00 0.000000000000000000e+00 0.000000000000000000e+00 0.000000000000000000e+00 1.600000000000000000e+01
0.000000000000000000e+00 0.000000000000000000e+00 0.000000000000000000e+00 0.000000000000000000e+00 0.000000000000000000e+00 0.000000000000000000e+00 1.700000000000000000e+01
0.000000000000000000e+00 0.000000000000000000e+00 0.000000000000000000e+00 0.000000000000000000e+00 0.000000000000000000e+00 0.000000000000000000e+00 1.800000000000000000e+01
0.000000000000000000e+00 0.000000000000000000e+00 0.000000000000000000e+00 0.000000000000000000e+00 0.000000000000000000e+00 0.000000000000000000e+00 1.900000000000000000e+01
0.000000000000000000e+00 0.000000000000000000e+00 0.000000000000000000e+00 0.000000000000000000e+00 0.000000000000000000e+00 0.000000000000000000e+00 0.000000000000000000e+00
0.000000000000000000e+00 0.000000000000000000e+00 0.000000000000000000e+00 0.000000000000000000e+00 0.000000000000000000e+00 0.000000000000000000e+00 1.000000000000000000e+00
0.000000000000000000e+00 0.000000000000000000e+00 0.000000000000000000e+00 0.000000000000000000e+00 0.000000000000000000e+00 0.000000000000000000e+00 2.000000000000000000e+00
0.000000000000000000e+00 0.000000000000000000e+00 0.000000000000000000e+00 0.000000000000000000e+00 0.000000000000000000e+00 0.000000000000000000e+00 3.000000000000000000e+00
0.000000000000000000e+00 0.000000000000000000e+00 0.000000000000000000e+00 0.000000000000000000e+00 0.000000000000000000e+00 0.000000000000000000e+00 4.000000000000000000e+00
0.000000000000000000e+00 0.000000000000000000e+00 0.000000000000000000e+00 0.000000000000000000e+00 0.000000000000000000e+00 0.000000000000000000e+00 5.000000000000000000e+00
0.000000000000000000e+00 0.000000000000000000e+00 0.000000000000000000e+00 0.000000000000000000e+00 0.000000000000000000e+00 0.000000000000000000e+00 6.000000000000000000e+00
0.000000000000000000e+00 0.000000000000000000e+00 0.000000000000000000e+00 0.000000000000000000e+00 0.000000000000000000e+00 0.000000000000000000e+00 7.000000000000000000e+00
0.000000000000000000e+00 0.000000000000000000e+00 0.000000000000000000e+00 0.000000000000000000e+00 0.000000000000000000e+00 0.000000000000000000e+00 8.000000000000000000e+00
0.000000000000000000e+00 0.000000000000000000e+00 0.000000000000000000e+00 0.000000000000000000e+00 0.000000000000000000e+00 0.000000000000000000e+00 9.000000000000000000e+00
0.000000000000000000e+00 0.000000000000000000e+00 0.000000000000000000e+00 0.000000000000000000e+00 0.000000000000000000e+00 0.000000000000000000e+00 1.000000000000000000e+01
0.000000000000000000e+00 0.000000000000000000e+00 0.000000000000000000e+00 0.000000000000000000e+00 0.000000000000000000e+00 0.000000000000000000e+00 1.100000000000000000e+01
0.000000000000000000e+00 0.000000000000000000e+00 0.000000000000000000e+00 0.000000000000000000e+00 0.000000000000000000e+00 0.000000000000000000e+00 1.200000000000000000e+01
0.000000000000000000e+00 0.000000000000000000e+00 0.000000000000000000e+00 0.000000000000000000e+00 0.000000000000000000e+00 0.000000000000000000e+00 1.300000000000000000e+01
0.000000000000000000e+00 0.000000000000000000e+00 0.000000000000000000e+00 0.000000000000000000e+00 0.000000000000000000e+00 0.000000000000000000e+00 1.400000000000000000e+01
0.000000000000000000e+00 0.000000000000000000e+00 0.000000000000000000e+00 0.000000000000000000e+00 0.000000000000000000e+00 0.000000000000000000e+00 1.500000000000000000e+01
0.000000000000000000e+00 0.000000000000000000e+00 0.000000000000000000e+00 0.000000000000000000e+00 0.000000000000000000e+00 0.000000000000000000e+00 1.600000000000000000e+01
0.000000000000000000e+00 0.000000000000000000e+00 0.000000000000000000e+00 0.000000000000000000e+00 0.000000000000000000e+00 0.000000000000000000e+00 1.700000000000000000e+01
0.000000000000000000e+00 0.000000000000000000e+00 0.000000000000000000e+00 0.000000000000000000e+00 0.000000000000000000e+00 0.000000000000000000e+00 1.800000000000000000e+01
0.000000000000000000e+00 0.000000000000000000e+00 0.000000000000000000e+00 0.000000000000000000e+00 0.000000000000000000e+00 0.000000000000000000e+00 1.900000000000000000e+01
0.000000000000000000e+00 0.000000000000000000e+00 0.000000000000000000e+00 0.000000000000000000e+00 0.000000000000000000e+00 0.000000000000000000e+00 0.000000000000000000e+00
0.000000000000000000e+00 0.000000000000000000e+00 0.000000000000000000e+00 0.000000000000000000e+00 0.000000000000000000e+00 0.000000000000000000e+00 1.000000000000000000e+00
0.000000000000000000e+00 0.000000000000000000e+00 0.000000000000000000e+00 0.000000000000000000e+00 0.000000000000000000e+00 0.000000000000000000e+00 2.000000000000000000e+00
0.000000000000000000e+00 0.000000000000000000e+00 0.000000000000000000e+00 0.000000000000000000e+00 0.000000000000000000e+00 0.000000000000000000e+00 3.000000000000000000e+00
0.000000000000000000e+00 0.000000000000000000e+00 0.000000000000000000e+00 0.000000000000000000e+00 0.000000000000000000e+00 0.000000000000000000e+00 4.000000000000000000e+00
0.000000000000000000e+00 0.000000000000000000e+00 0.000000000000000000e+00 0.000000000000000000e+00 0.000000000000000000e+00 0.000000000000000000e+00 5.000000000000000000e+00
0.000000000000000000e+00 0.000000000000000000e+00 0.000000000000000000e+00 0.000000000000000000e+00 0.000000000000000000e+00 0.000000000000000000e+00 6.000000000000000000e+00
0.000000000000000000e+00 0.000000000000000000e+00 0.000000000000000000e+00 0.000000000000000000e+00 0.000000000000000000e+00 0.000000000000000000e+00 7.000000000000000000e+00
0.000000000000000000e+00 0.000000000000000000e+00 0.000000000000000000e+00 0.000000000000000000e+00 0.000000000000000000e+00 0.000000000000000000e+00 8.000000000000000000e+00
0.000000000000000000e+00 0.000000000000000000e+00 0.000000000000000000e+00 0.000000000000000000e+00 0.000000000000000000e+00 0.000000000000000000e+00 9.000000000000000000e+00
0.000000000000000000e+00 0.000000000000000000e+00 0.000000000000000000e+00 0.000000000000000000e+00 0.000000000000000000e+00 0.000000000000000000e+00 1.000000000000000000e+01
0.000000000000000000e+00 0.000000000000000000e+00 0.000000000000000000e+00 0.000000000000000000e+00 0.000000000000000000e+00 0.000000000000000000e+00 1.100000000000000000e+01
0.000000000000000000e+00 0.000000000000000000e+00 0.000000000000000000e+00 0.000000000000000000e+00 0.000000000000000000e+00 0.000000000000000000e+00 1.200000000000000000e+01
0.000000000000000000e+00 0.000000000000000000e+00 0.000000000000000000e+00 0.000000000000000000e+00 0.000000000000000000e+00 0.000000000000000000e+00 1.300000000000000000e+01
0.000000000000000000e+00 0.000000000000000000e+00 0.000000000000000000e+00 0.000000000000000000e+00 0.000000000000000000e+00 0.000000000000000000e+00 1.400000000000000000e+01
0.000000000000000000e+00 0.000000000000000000e+00 0.000000000000000000e+00 0.000000000000000000e+00 0.000000000000000000e+00 0.000000000000000000e+00 1.500000000000000000e+01
0.000000000000000000e+00 0.000000000000000000e+00 0.000000000000000000e+00 0.000000000000000000e+00 0.000000000000000000e+00 0.000000000000000000e+00 1.600000000000000000e+01
0.000000000000000000e+00 0.000000000000000000e+00 0.000000000000000000e+00 0.000000000000000000e+00 0.000000000000000000e+00 0.000000000000000000e+00 1.700000000000000000e+01
0.000000000000000000e+00 0.000000000000000000e+00 0.000000000000000000e+00 0.000000000000000000e+00 0.000000000000000000e+00 0.000000000000000000e+00 1.800000000000000000e+01
0.000000000000000000e+00 0.000000000000000000e+00 0.000000000000000000e+00 0.000000000000000000e+00 0.000000000000000000e+00 0.000000000000000000e+00 1.900000000000000000e+01
0.000000000000000000e+00 0.000000000000000000e+00 0.000000000000000000e+00 0.000000000000000000e+00 0.000000000000000000e+00 0.000000000000000000e+00 0.000000000000000000e+00
0.000000000000000000e+00 0.000000000000000000e+00 0.000000000000000000e+00 0.000000000000000000e+00 0.000000000000000000e+00 0.000000000000000000e+00 1.000000000000000000e+00
0.000000000000000000e+00 0.000000000000000000e+00 0.000000000000000000e+00 0.000000000000000000e+00 0.000000000000000000e+00 0.000000000000000000e+00 2.000000000000000000e+00
0.000000000000000000e+00 0.000000000000000000e+00 0.000000000000000000e+00 0.000000000000000000e+00 0.000000000000000000e+00 0.000000000000000000e+00 3.000000000000000000e+00
0.000000000000000000e+00 0.000000000000000000e+00 0.000000000000000000e+00 0.000000000000000000e+00 0.000000000000000000e+00 0.000000000000000000e+00 4.000000000000000000e+00
0.000000000000000000e+00 0.000000000000000000e+00 0.000000000000000000e+00 0.000000000000000000e+00 0.000000000000000000e+00 0.000000000000000000e+00 5.000000000000000000e+00
0.000000000000000000e+00 0.000000000000000000e+00 0.000000000000000000e+00 0.000000000000000000e+00 0.000000000000000000e+00 0.000000000000000000e+00 6.000000000000000000e+00
0.000000000000000000e+00 0.000000000000000000e+00 0.000000000000000000e+00 0.000000000000000000e+00 0.000000000000000000e+00 0.000000000000000000e+00 7.000000000000000000e+00
0.000000000000000000e+00 0.000000000000000000e+00 0.000000000000000000e+00 0.000000000000000000e+00 0.000000000000000000e+00 0.000000000000000000e+00 8.000000000000000000e+00
0.000000000000000000e+00 0.000000000000000000e+00 0.000000000000000000e+00 0.000000000000000000e+00 0.000000000000000000e+00 0.000000000000000000e+00 9.000000000000000000e+00
0.000000000000000000e+00 0.000000000000000000e+00 0.000000000000000000e+00 0.000000000000000000e+00 0.000000000000000000e+00 0.000000000000000000e+00 1.000000000000000000e+01
0.000000000000000000e+00 0.000000000000000000e+00 0.000000000000000000e+00 0.000000000000000000e+00 0.000000000000000000e+00 0.000000000000000000e+00 1.100000000000000000e+01
0.000000000000000000e+00 0.000000000000000000e+00 0.000000000000000000e+00 0.000000000000000000e+00 0.000000000000000000e+00 0.000000000000000000e+00 1.200000000000000000e+01
0.000000000000000000e+00 0.000000000000000000e+00 0.000000000000000000e+00 0.000000000000000000e+00 0.000000000000000000e+00 0.000000000000000000e+00 1.300000000000000000e+01
0.000000000000000000e+00 0.000000000000000000e+00 0.000000000000000000e+00 0.000000000000000000e+00 0.000000000000000000e+00 0.000000000000000000e+00 1.400000000000000000e+01
0.000000000000000000e+00 0.000000000000000000e+00 0.000000000000000000e+00 0.000000000000000000e+00 0.000000000000000000e+00 0.000000000000000000e+00 1.500000000000000000e+01
0.000000000000000000e+00 0.000000000000000000e+00 0.000000000000000000e+00 0.000000000000000000e+00 0.000000000000000000e+00 0.000000000000000000e+00 1.600000000000000000e+01
0.000000000000000000e+00 0.000000000000000000e+00 0.000000000000000000e+00 0.000000000000000000e+00 0.000000000000000000e+00 0.000000000000000000e+00 1.700000000000000000e+01
0.000000000000000000e+00 0.000000000000000000e+00 0.000000000000000000e+00 0.000000000000000000e+00 0.000000000000000000e+00 0.000000000000000000e+00 1.800000000000000000e+01
0.000000000000000000e+00 0.000000000000000000e+00 0.000000000000000000e+00 0.000000000000000000e+00 0.000000000000000000e+00 0.000000000000000000e+00 1.900000000000000000e+01
0.000000000000000000e+00 0.000000000000000000e+00 0.000000000000000000e+00 0.000000000000000000e+00 0.000000000000000000e+00 0.000000000000000000e+00 0.000000000000000000e+00
0.000000000000000000e+00 0.000000000000000000e+00 0.000000000000000000e+00 0.000000000000000000e+00 0.000000000000000000e+00 0.000000000000000000e+00 1.000000000000000000e+00
0.000000000000000000e+00 0.000000000000000000e+00 0.000000000000000000e+00 0.000000000000000000e+00 0.000000000000000000e+00 0.000000000000000000e+00 2.000000000000000000e+00
0.000000000000000000e+00 0.000000000000000000e+00 0.000000000000000000e+00 0.000000000000000000e+00 0.000000000000000000e+00 0.000000000000000000e+00 3.000000000000000000e+00
0.000000000000000000e+00 0.000000000000000000e+00 0.000000000000000000e+00 0.000000000000000000e+00 0.000000000000000000e+00 0.000000000000000000e+00 4.000000000000000000e+00
0.000000000000000000e+00 0.000000000000000000e+00 0.000000000000000000e+00 0.000000000000000000e+00 0.000000000000000000e+00 0.000000000000000000e+00 5.000000000000000000e+00
0.000000000000000000e+00 0.000000000000000000e+00 0.000000000000000000e+00 0.000000000000000000e+00 0.000000000000000000e+00 0.000000000000000000e+00 6.000000000000000000e+00
0.000000000000000000e+00 0.000000000000000000e+00 0.000000000000000000e+00 0.000000000000000000e+00 0.000000000000000000e+00 0.000000000000000000e+00 7.000000000000000000e+00
0.000000000000000000e+00 0.000000000000000000e+00 0.000000000000000000e+00 0.000000000000000000e+00 0.000000000000000000e+00 0.000000000000000000e+00 8.000000000000000000e+00
0.000000000000000000e+00 0.000000000000000000e+00 0.000000000000000000e+00 0.000000000000000000e+00 0.000000000000000000e+00 0.000000000000000000e+00 9.000000000000000000e+00
0.000000000000000000e+00 0.000000000000000000e+00 0.000000000000000000e+00 0.000000000000000000e+00 0.000000000000000000e+00 0.000000000000000000e+00 1.000000000000000000e+01
0.000000000000000000e+00 0.000000000000000000e+00 0.000000000000000000e+00 0.000000000000000000e+00 0.000000000000000000e+00 0.000000000000000000e+00 1.100000000000000000e+01
0.000000000000000000e+00 0.000000000000000000e+00 0.000000000000000000e+00 0.000000000000000000e+00 0.000000000000000000e+00 0.000000000000000000e+00 1.200000000000000000e+01
0.000000000000000000e+00 0.000000000000000000e+00 0.000000000000000000e+00 0.000000000000000000e+00 0.000000000000000000e+00 0.000000000000000000e+00 1.300000000000000000e+01
0.000000000000000000e+00 0.000000000000000000e+00 0.000000000000000000e+00 0.000000000000000000e+00 0.000000000000000000e+00 0.000000000000000000e+00 1.400000000000000000e+01
0.000000000000000000e+00 0.000000000000000000e+00 0.000000000000000000e+00 0.000000000000000000e+00 0.000000000000000000e+00 0.000000000000000000e+00 1.500000000000000000e+01
0.000000000000000000e+00 0.000000000000000000e+00 0.000000000000000000e+00 0.000000000000000000e+00 0.000000000000000000e+00 0.000000000000000000e+00 1.600000000000000000e+01
0.000000000000000000e+00 0.000000000000000000e+00 0.000000000000000000e+00 0.000000000000000000e+00 0.000000000000000000e+00 0.000000000000000000e+00 1.700000000000000000e+01
0.000000000000000000e+00 0.000000000000000000e+00 0.000000000000000000e+00 0.000000000000000000e+00 0.000000000000000000e+00 0.000000000000000000e+00 1.800000000000000000e+01
0.000000000000000000e+00 0.000000000000000000e+00 0.000000000000000000e+00 0.000000000000000000e+00 0.000000000000000000e+00 0.000000000000000000e+00 1.900000000000000000e+01
0.000000000000000000e+00 0.000000000000000000e+00 0.000000000000000000e+00 0.000000000000000000e+00 0.000000000000000000e+00 0.000000000000000000e+00 0.000000000000000000e+00
0.000000000000000000e+00 0.000000000000000000e+00 0.000000000000000000e+00 0.000000000000000000e+00 0.000000000000000000e+00 0.000000000000000000e+00 1.000000000000000000e+00
0.000000000000000000e+00 0.000000000000000000e+00 0.000000000000000000e+00 0.000000000000000000e+00 0.000000000000000000e+00 0.000000000000000000e+00 2.000000000000000000e+00
0.000000000000000000e+00 0.000000000000000000e+00 0.000000000000000000e+00 0.000000000000000000e+00 0.000000000000000000e+00 0.000000000000000000e+00 3.000000000000000000e+00
0.000000000000000000e+00 0.000000000000000000e+00 0.000000000000000000e+00 0.000000000000000000e+00 0.000000000000000000e+00 0.000000000000000000e+00 4.000000000000000000e+00
0.000000000000000000e+00 0.000000000000000000e+00 0.000000000000000000e+00 0.000000000000000000e+00 0.000000000000000000e+00 0.000000000000000000e+00 5.000000000000000000e+00
0.000000000000000000e+00 0.000000000000000000e+00 0.000000000000000000e+00 0.000000000000000000e+00 0.000000000000000000e+00 0.000000000000000000e+00 6.000000000000000000e+00
0.000000000000000000e+00 0.000000000000000000e+00 0.000000000000000000e+00 0.000000000000000000e+00 0.000000000000000000e+00 0.000000000000000000e+00 7.000000000000000000e+00
0.000000000000000000e+00 0.000000000000000000e+00 0.000000000000000000e+00 0.000000000000000000e+00 0.000000000000000000e+00 0.000000000000000000e+00 8.000000000000000000e+00
0.000000000000000000e+00 0.000000000000000000e+00 0.000000000000000000e+00 0.000000000000000000e+00 0.000000000000000000e+00 0.000000000000000000e+00 9.000000000000000000e+00
0.000000000000000000e+00 0.000000000000000000e+00 0.000000000000000000e+00 0.000000000000000000e+00 0.000000000000000000e+00 0.000000000000000000e+00 1.000000000000000000e+01
0.000000000000000000e+00 0.000000000000000000e+00 0.000000000000000000e+00 0.000000000000000000e+00 0.000000000000000000e+00 0.000000000000000000e+00 1.100000000000000000e+01
0.000000000000000000e+00 0.000000000000000000e+00 0.000000000000000000e+00 0.000000000000000000e+00 0.000000000000000000e+00 0.000000000000000000e+00 1.200000000000000000e+01
0.000000000000000000e+00 0.000000000000000000e+00 0.000000000000000000e+00 0.000000000000000000e+00 0.000000000000000000e+00 0.000000000000000000e+00 1.300000000000000000e+01
0.000000000000000000e+00 0.000000000000000000e+00 0.000000000000000000e+00 0.000000000000000000e+00 0.000000000000000000e+00 0.000000000000000000e+00 1.400000000000000000e+01
0.000000000000000000e+00 0.000000000000000000e+00 0.000000000000000000e+00 0.000000000000000000e+00 0.000000000000000000e+00 0.000000000000000000e+00 1.500000000000000000e+01
0.000000000000000000e+00 0.000000000000000000e+00 0.000000000000000000e+00 0.000000000000000000e+00 0.000000000000000000e+00 0.000000000000000000e+00 1.600000000000000000e+01
0.000000000000000000e+00 0.000000000000000000e+00 0.000000000000000000e+00 0.000000000000000000e+00 0.000000000000000000e+00 0.000000000000000000e+00 1.700000000000000000e+01
0.000000000000000000e+00 0.000000000000000000e+00 0.000000000000000000e+00 0.000000000000000000e+00 0.000000000000000000e+00 0.000000000000000000e+00 1.800000000000000000e+01
0.000000000000000000e+00 0.000000000000000000e+00 0.000000000000000000e+00 0.000000000000000000e+00 0.000000000000000000e+00 0.000000000000000000e+00 1.900000000000000000e+01
9.210000000000000000e+02 5.920000000000000000e+02 9.470000000000000000e+02 6.180000000000000000e+02 1.200000000000000000e+01 4.119549691677093506e-01 0.000000000000000000e+00
0.000000000000000000e+00 0.000000000000000000e+00 0.000000000000000000e+00 0.000000000000000000e+00 0.000000000000000000e+00 0.000000000000000000e+00 1.000000000000000000e+00
9.270000000000000000e+02 6.210000000000000000e+02 9.530000000000000000e+02 6.470000000000000000e+02 1.200000000000000000e+01 4.396773278713226318e-01 2.000000000000000000e+00
9.130000000000000000e+02 6.950000000000000000e+02 9.390000000000000000e+02 7.210000000000000000e+02 1.200000000000000000e+01 3.705151379108428955e-01 3.000000000000000000e+00
9.030000000000000000e+02 6.800000000000000000e+02 9.290000000000000000e+02 7.060000000000000000e+02 1.200000000000000000e+01 4.185166656970977783e-01 4.000000000000000000e+00
8.920000000000000000e+02 6.800000000000000000e+02 9.180000000000000000e+02 7.060000000000000000e+02 1.200000000000000000e+01 4.233582019805908203e-01 5.000000000000000000e+00
9.140000000000000000e+02 6.130000000000000000e+02 9.400000000000000000e+02 6.390000000000000000e+02 1.200000000000000000e+01 3.708885610103607178e-01 6.000000000000000000e+00
9.150000000000000000e+02 6.120000000000000000e+02 9.410000000000000000e+02 6.380000000000000000e+02 1.200000000000000000e+01 3.413810431957244873e-01 7.000000000000000000e+00
8.930000000000000000e+02 6.790000000000000000e+02 9.190000000000000000e+02 7.050000000000000000e+02 1.200000000000000000e+01 3.601431846618652344e-01 8.000000000000000000e+00
8.930000000000000000e+02 6.700000000000000000e+02 9.190000000000000000e+02 6.960000000000000000e+02 1.200000000000000000e+01 4.742759466171264648e-01 9.000000000000000000e+00
8.940000000000000000e+02 6.710000000000000000e+02 9.200000000000000000e+02 6.970000000000000000e+02 1.200000000000000000e+01 5.275254845619201660e-01 1.000000000000000000e+01
8.930000000000000000e+02 6.710000000000000000e+02 9.190000000000000000e+02 6.970000000000000000e+02 1.200000000000000000e+01 5.420932173728942871e-01 1.100000000000000000e+01
8.930000000000000000e+02 6.720000000000000000e+02 9.190000000000000000e+02 6.980000000000000000e+02 1.200000000000000000e+01 5.591253638267517090e-01 1.200000000000000000e+01
8.930000000000000000e+02 6.720000000000000000e+02 9.190000000000000000e+02 6.980000000000000000e+02 1.200000000000000000e+01 5.186440944671630859e-01 1.300000000000000000e+01
8.920000000000000000e+02 6.720000000000000000e+02 9.180000000000000000e+02 6.980000000000000000e+02 1.200000000000000000e+01 5.121920704841613770e-01 1.400000000000000000e+01
9.000000000000000000e+02 6.770000000000000000e+02 9.260000000000000000e+02 7.030000000000000000e+02 1.200000000000000000e+01 5.150492787361145020e-01 1.500000000000000000e+01
8.980000000000000000e+02 6.730000000000000000e+02 9.240000000000000000e+02 6.990000000000000000e+02 1.200000000000000000e+01 4.685433506965637207e-01 1.600000000000000000e+01
8.890000000000000000e+02 6.640000000000000000e+02 9.150000000000000000e+02 6.900000000000000000e+02 1.200000000000000000e+01 5.044244527816772461e-01 1.700000000000000000e+01
8.880000000000000000e+02 6.730000000000000000e+02 9.140000000000000000e+02 6.990000000000000000e+02 1.200000000000000000e+01 5.747146010398864746e-01 1.800000000000000000e+01
8.890000000000000000e+02 6.730000000000000000e+02 9.150000000000000000e+02 6.990000000000000000e+02 1.200000000000000000e+01 5.090947151184082031e-01 1.900000000000000000e+01
0.000000000000000000e+00 0.000000000000000000e+00 0.000000000000000000e+00 0.000000000000000000e+00 0.000000000000000000e+00 0.000000000000000000e+00 0.000000000000000000e+00
0.000000000000000000e+00 0.000000000000000000e+00 0.000000000000000000e+00 0.000000000000000000e+00 0.000000000000000000e+00 0.000000000000000000e+00 1.000000000000000000e+00
0.000000000000000000e+00 0.000000000000000000e+00 0.000000000000000000e+00 0.000000000000000000e+00 0.000000000000000000e+00 0.000000000000000000e+00 2.000000000000000000e+00
0.000000000000000000e+00 0.000000000000000000e+00 0.000000000000000000e+00 0.000000000000000000e+00 0.000000000000000000e+00 0.000000000000000000e+00 3.000000000000000000e+00
9.140000000000000000e+02 6.130000000000000000e+02 9.400000000000000000e+02 6.390000000000000000e+02 1.200000000000000000e+01 4.163046479225158691e-01 4.000000000000000000e+00
0.000000000000000000e+00 0.000000000000000000e+00 0.000000000000000000e+00 0.000000000000000000e+00 0.000000000000000000e+00 0.000000000000000000e+00 5.000000000000000000e+00
0.000000000000000000e+00 0.000000000000000000e+00 0.000000000000000000e+00 0.000000000000000000e+00 0.000000000000000000e+00 0.000000000000000000e+00 6.000000000000000000e+00
0.000000000000000000e+00 0.000000000000000000e+00 0.000000000000000000e+00 0.000000000000000000e+00 0.000000000000000000e+00 0.000000000000000000e+00 7.000000000000000000e+00
0.000000000000000000e+00 0.000000000000000000e+00 0.000000000000000000e+00 0.000000000000000000e+00 0.000000000000000000e+00 0.000000000000000000e+00 8.000000000000000000e+00
0.000000000000000000e+00 0.000000000000000000e+00 0.000000000000000000e+00 0.000000000000000000e+00 0.000000000000000000e+00 0.000000000000000000e+00 9.000000000000000000e+00
0.000000000000000000e+00 0.000000000000000000e+00 0.000000000000000000e+00 0.000000000000000000e+00 0.000000000000000000e+00 0.000000000000000000e+00 1.000000000000000000e+01
0.000000000000000000e+00 0.000000000000000000e+00 0.000000000000000000e+00 0.000000000000000000e+00 0.000000000000000000e+00 0.000000000000000000e+00 1.100000000000000000e+01
0.000000000000000000e+00 0.000000000000000000e+00 0.000000000000000000e+00 0.000000000000000000e+00 0.000000000000000000e+00 0.000000000000000000e+00 1.200000000000000000e+01
0.000000000000000000e+00 0.000000000000000000e+00 0.000000000000000000e+00 0.000000000000000000e+00 0.000000000000000000e+00 0.000000000000000000e+00 1.300000000000000000e+01
0.000000000000000000e+00 0.000000000000000000e+00 0.000000000000000000e+00 0.000000000000000000e+00 0.000000000000000000e+00 0.000000000000000000e+00 1.400000000000000000e+01
0.000000000000000000e+00 0.000000000000000000e+00 0.000000000000000000e+00 0.000000000000000000e+00 0.000000000000000000e+00 0.000000000000000000e+00 1.500000000000000000e+01
9.200000000000000000e+02 6.020000000000000000e+02 9.460000000000000000e+02 6.280000000000000000e+02 1.200000000000000000e+01 3.253605067729949951e-01 1.600000000000000000e+01
9.300000000000000000e+02 6.010000000000000000e+02 9.560000000000000000e+02 6.270000000000000000e+02 1.200000000000000000e+01 3.711939454078674316e-01 1.700000000000000000e+01
0.000000000000000000e+00 0.000000000000000000e+00 0.000000000000000000e+00 0.000000000000000000e+00 0.000000000000000000e+00 0.000000000000000000e+00 1.800000000000000000e+01
0.000000000000000000e+00 0.000000000000000000e+00 0.000000000000000000e+00 0.000000000000000000e+00 0.000000000000000000e+00 0.000000000000000000e+00 1.900000000000000000e+01
0.000000000000000000e+00 0.000000000000000000e+00 0.000000000000000000e+00 0.000000000000000000e+00 0.000000000000000000e+00 0.000000000000000000e+00 0.000000000000000000e+00
0.000000000000000000e+00 0.000000000000000000e+00 0.000000000000000000e+00 0.000000000000000000e+00 0.000000000000000000e+00 0.000000000000000000e+00 1.000000000000000000e+00
9.160000000000000000e+02 5.990000000000000000e+02 9.420000000000000000e+02 6.250000000000000000e+02 1.100000000000000000e+01 3.902948498725891113e-01 2.000000000000000000e+00
8.920000000000000000e+02 6.520000000000000000e+02 9.180000000000000000e+02 6.780000000000000000e+02 1.100000000000000000e+01 3.073041737079620361e-01 3.000000000000000000e+00
8.910000000000000000e+02 6.470000000000000000e+02 9.170000000000000000e+02 6.730000000000000000e+02 1.100000000000000000e+01 4.033664762973785400e-01 4.000000000000000000e+00
8.910000000000000000e+02 6.350000000000000000e+02 9.170000000000000000e+02 6.610000000000000000e+02 1.100000000000000000e+01 5.734781622886657715e-01 5.000000000000000000e+00
8.910000000000000000e+02 6.350000000000000000e+02 9.170000000000000000e+02 6.610000000000000000e+02 1.100000000000000000e+01 3.801686763763427734e-01 6.000000000000000000e+00
8.820000000000000000e+02 6.340000000000000000e+02 9.080000000000000000e+02 6.600000000000000000e+02 1.100000000000000000e+01 4.118466079235076904e-01 7.000000000000000000e+00
8.820000000000000000e+02 6.350000000000000000e+02 9.080000000000000000e+02 6.610000000000000000e+02 1.100000000000000000e+01 4.973480105400085449e-01 8.000000000000000000e+00
8.820000000000000000e+02 6.360000000000000000e+02 9.080000000000000000e+02 6.620000000000000000e+02 1.100000000000000000e+01 5.742653608322143555e-01 9.000000000000000000e+00
8.830000000000000000e+02 6.370000000000000000e+02 9.090000000000000000e+02 6.630000000000000000e+02 1.100000000000000000e+01 5.820337533950805664e-01 1.000000000000000000e+01
8.820000000000000000e+02 6.370000000000000000e+02 9.080000000000000000e+02 6.630000000000000000e+02 1.100000000000000000e+01 5.909761190414428711e-01 1.100000000000000000e+01
8.810000000000000000e+02 6.380000000000000000e+02 9.070000000000000000e+02 6.640000000000000000e+02 1.100000000000000000e+01 5.558009743690490723e-01 1.200000000000000000e+01
8.810000000000000000e+02 6.380000000000000000e+02 9.070000000000000000e+02 6.640000000000000000e+02 1.100000000000000000e+01 5.148972272872924805e-01 1.300000000000000000e+01
8.810000000000000000e+02 6.280000000000000000e+02 9.070000000000000000e+02 6.540000000000000000e+02 1.100000000000000000e+01 5.276931524276733398e-01 1.400000000000000000e+01
8.790000000000000000e+02 6.350000000000000000e+02 9.050000000000000000e+02 6.610000000000000000e+02 1.100000000000000000e+01 6.319171190261840820e-01 1.500000000000000000e+01
8.780000000000000000e+02 6.320000000000000000e+02 9.040000000000000000e+02 6.580000000000000000e+02 1.100000000000000000e+01 6.241636276245117188e-01 1.600000000000000000e+01
8.780000000000000000e+02 6.320000000000000000e+02 9.040000000000000000e+02 6.580000000000000000e+02 1.100000000000000000e+01 4.988214969635009766e-01 1.700000000000000000e+01
8.770000000000000000e+02 6.310000000000000000e+02 9.030000000000000000e+02 6.570000000000000000e+02 1.100000000000000000e+01 5.817904472351074219e-01 1.800000000000000000e+01
8.780000000000000000e+02 6.310000000000000000e+02 9.040000000000000000e+02 6.570000000000000000e+02 1.100000000000000000e+01 5.418968200683593750e-01 1.900000000000000000e+01
0.000000000000000000e+00 0.000000000000000000e+00 0.000000000000000000e+00 0.000000000000000000e+00 0.000000000000000000e+00 0.000000000000000000e+00 0.000000000000000000e+00
0.000000000000000000e+00 0.000000000000000000e+00 0.000000000000000000e+00 0.000000000000000000e+00 0.000000000000000000e+00 0.000000000000000000e+00 1.000000000000000000e+00
0.000000000000000000e+00 0.000000000000000000e+00 0.000000000000000000e+00 0.000000000000000000e+00 0.000000000000000000e+00 0.000000000000000000e+00 2.000000000000000000e+00
9.240000000000000000e+02 5.860000000000000000e+02 9.500000000000000000e+02 6.120000000000000000e+02 1.100000000000000000e+01 3.062455356121063232e-01 3.000000000000000000e+00
9.140000000000000000e+02 5.910000000000000000e+02 9.400000000000000000e+02 6.170000000000000000e+02 1.100000000000000000e+01 3.081170618534088135e-01 4.000000000000000000e+00
0.000000000000000000e+00 0.000000000000000000e+00 0.000000000000000000e+00 0.000000000000000000e+00 0.000000000000000000e+00 0.000000000000000000e+00 5.000000000000000000e+00
0.000000000000000000e+00 0.000000000000000000e+00 0.000000000000000000e+00 0.000000000000000000e+00 0.000000000000000000e+00 0.000000000000000000e+00 6.000000000000000000e+00
0.000000000000000000e+00 0.000000000000000000e+00 0.000000000000000000e+00 0.000000000000000000e+00 0.000000000000000000e+00 0.000000000000000000e+00 7.000000000000000000e+00
0.000000000000000000e+00 0.000000000000000000e+00 0.000000000000000000e+00 0.000000000000000000e+00 0.000000000000000000e+00 0.000000000000000000e+00 8.000000000000000000e+00
0.000000000000000000e+00 0.000000000000000000e+00 0.000000000000000000e+00 0.000000000000000000e+00 0.000000000000000000e+00 0.000000000000000000e+00 9.000000000000000000e+00
0.000000000000000000e+00 0.000000000000000000e+00 0.000000000000000000e+00 0.000000000000000000e+00 0.000000000000000000e+00 0.000000000000000000e+00 1.000000000000000000e+01
0.000000000000000000e+00 0.000000000000000000e+00 0.000000000000000000e+00 0.000000000000000000e+00 0.000000000000000000e+00 0.000000000000000000e+00 1.100000000000000000e+01
0.000000000000000000e+00 0.000000000000000000e+00 0.000000000000000000e+00 0.000000000000000000e+00 0.000000000000000000e+00 0.000000000000000000e+00 1.200000000000000000e+01
0.000000000000000000e+00 0.000000000000000000e+00 0.000000000000000000e+00 0.000000000000000000e+00 0.000000000000000000e+00 0.000000000000000000e+00 1.300000000000000000e+01
0.000000000000000000e+00 0.000000000000000000e+00 0.000000000000000000e+00 0.000000000000000000e+00 0.000000000000000000e+00 0.000000000000000000e+00 1.400000000000000000e+01
0.000000000000000000e+00 0.000000000000000000e+00 0.000000000000000000e+00 0.000000000000000000e+00 0.000000000000000000e+00 0.000000000000000000e+00 1.500000000000000000e+01
0.000000000000000000e+00 0.000000000000000000e+00 0.000000000000000000e+00 0.000000000000000000e+00 0.000000000000000000e+00 0.000000000000000000e+00 1.600000000000000000e+01
0.000000000000000000e+00 0.000000000000000000e+00 0.000000000000000000e+00 0.000000000000000000e+00 0.000000000000000000e+00 0.000000000000000000e+00 1.700000000000000000e+01
0.000000000000000000e+00 0.000000000000000000e+00 0.000000000000000000e+00 0.000000000000000000e+00 0.000000000000000000e+00 0.000000000000000000e+00 1.800000000000000000e+01
0.000000000000000000e+00 0.000000000000000000e+00 0.000000000000000000e+00 0.000000000000000000e+00 0.000000000000000000e+00 0.000000000000000000e+00 1.900000000000000000e+01
0.000000000000000000e+00 0.000000000000000000e+00 0.000000000000000000e+00 0.000000000000000000e+00 0.000000000000000000e+00 0.000000000000000000e+00 0.000000000000000000e+00
0.000000000000000000e+00 0.000000000000000000e+00 0.000000000000000000e+00 0.000000000000000000e+00 0.000000000000000000e+00 0.000000000000000000e+00 1.000000000000000000e+00
0.000000000000000000e+00 0.000000000000000000e+00 0.000000000000000000e+00 0.000000000000000000e+00 0.000000000000000000e+00 0.000000000000000000e+00 2.000000000000000000e+00
0.000000000000000000e+00 0.000000000000000000e+00 0.000000000000000000e+00 0.000000000000000000e+00 0.000000000000000000e+00 0.000000000000000000e+00 3.000000000000000000e+00
9.140000000000000000e+02 5.800000000000000000e+02 9.400000000000000000e+02 6.060000000000000000e+02 1.000000000000000000e+01 4.734111130237579346e-01 4.000000000000000000e+00
9.030000000000000000e+02 5.800000000000000000e+02 9.290000000000000000e+02 6.060000000000000000e+02 1.000000000000000000e+01 5.095272064208984375e-01 5.000000000000000000e+00
9.130000000000000000e+02 5.690000000000000000e+02 9.390000000000000000e+02 5.950000000000000000e+02 1.000000000000000000e+01 3.880648016929626465e-01 6.000000000000000000e+00
9.040000000000000000e+02 5.790000000000000000e+02 9.300000000000000000e+02 6.050000000000000000e+02 1.000000000000000000e+01 4.304007887840270996e-01 7.000000000000000000e+00
9.040000000000000000e+02 5.810000000000000000e+02 9.300000000000000000e+02 6.070000000000000000e+02 1.000000000000000000e+01 4.320514798164367676e-01 8.000000000000000000e+00
9.040000000000000000e+02 5.810000000000000000e+02 9.300000000000000000e+02 6.070000000000000000e+02 1.000000000000000000e+01 5.058466792106628418e-01 9.000000000000000000e+00
9.050000000000000000e+02 5.730000000000000000e+02 9.310000000000000000e+02 5.990000000000000000e+02 1.000000000000000000e+01 5.091691017150878906e-01 1.000000000000000000e+01
9.030000000000000000e+02 5.830000000000000000e+02 9.290000000000000000e+02 6.090000000000000000e+02 1.000000000000000000e+01 4.952699840068817139e-01 1.100000000000000000e+01
9.030000000000000000e+02 5.830000000000000000e+02 9.290000000000000000e+02 6.090000000000000000e+02 1.000000000000000000e+01 4.943181276321411133e-01 1.200000000000000000e+01
9.030000000000000000e+02 5.830000000000000000e+02 9.290000000000000000e+02 6.090000000000000000e+02 1.000000000000000000e+01 4.624494016170501709e-01 1.300000000000000000e+01
9.020000000000000000e+02 5.830000000000000000e+02 9.280000000000000000e+02 6.090000000000000000e+02 1.000000000000000000e+01 5.329869985580444336e-01 1.400000000000000000e+01
9.000000000000000000e+02 5.830000000000000000e+02 9.260000000000000000e+02 6.090000000000000000e+02 1.000000000000000000e+01 5.735746622085571289e-01 1.500000000000000000e+01
8.990000000000000000e+02 5.810000000000000000e+02 9.250000000000000000e+02 6.070000000000000000e+02 1.000000000000000000e+01 6.157945990562438965e-01 1.600000000000000000e+01
8.990000000000000000e+02 5.810000000000000000e+02 9.250000000000000000e+02 6.070000000000000000e+02 1.000000000000000000e+01 4.861313998699188232e-01 1.700000000000000000e+01
8.980000000000000000e+02 5.780000000000000000e+02 9.240000000000000000e+02 6.040000000000000000e+02 1.000000000000000000e+01 5.525819659233093262e-01 1.800000000000000000e+01
8.990000000000000000e+02 5.790000000000000000e+02 9.250000000000000000e+02 6.050000000000000000e+02 1.000000000000000000e+01 5.165032744407653809e-01 1.900000000000000000e+01
0.000000000000000000e+00 0.000000000000000000e+00 0.000000000000000000e+00 0.000000000000000000e+00 0.000000000000000000e+00 0.000000000000000000e+00 0.000000000000000000e+00
0.000000000000000000e+00 0.000000000000000000e+00 0.000000000000000000e+00 0.000000000000000000e+00 0.000000000000000000e+00 0.000000000000000000e+00 1.000000000000000000e+00
0.000000000000000000e+00 0.000000000000000000e+00 0.000000000000000000e+00 0.000000000000000000e+00 0.000000000000000000e+00 0.000000000000000000e+00 2.000000000000000000e+00
0.000000000000000000e+00 0.000000000000000000e+00 0.000000000000000000e+00 0.000000000000000000e+00 0.000000000000000000e+00 0.000000000000000000e+00 3.000000000000000000e+00
0.000000000000000000e+00 0.000000000000000000e+00 0.000000000000000000e+00 0.000000000000000000e+00 0.000000000000000000e+00 0.000000000000000000e+00 4.000000000000000000e+00
0.000000000000000000e+00 0.000000000000000000e+00 0.000000000000000000e+00 0.000000000000000000e+00 0.000000000000000000e+00 0.000000000000000000e+00 5.000000000000000000e+00
0.000000000000000000e+00 0.000000000000000000e+00 0.000000000000000000e+00 0.000000000000000000e+00 0.000000000000000000e+00 0.000000000000000000e+00 6.000000000000000000e+00
0.000000000000000000e+00 0.000000000000000000e+00 0.000000000000000000e+00 0.000000000000000000e+00 0.000000000000000000e+00 0.000000000000000000e+00 7.000000000000000000e+00
0.000000000000000000e+00 0.000000000000000000e+00 0.000000000000000000e+00 0.000000000000000000e+00 0.000000000000000000e+00 0.000000000000000000e+00 8.000000000000000000e+00
0.000000000000000000e+00 0.000000000000000000e+00 0.000000000000000000e+00 0.000000000000000000e+00 0.000000000000000000e+00 0.000000000000000000e+00 9.000000000000000000e+00
0.000000000000000000e+00 0.000000000000000000e+00 0.000000000000000000e+00 0.000000000000000000e+00 0.000000000000000000e+00 0.000000000000000000e+00 1.000000000000000000e+01
0.000000000000000000e+00 0.000000000000000000e+00 0.000000000000000000e+00 0.000000000000000000e+00 0.000000000000000000e+00 0.000000000000000000e+00 1.100000000000000000e+01
0.000000000000000000e+00 0.000000000000000000e+00 0.000000000000000000e+00 0.000000000000000000e+00 0.000000000000000000e+00 0.000000000000000000e+00 1.200000000000000000e+01
0.000000000000000000e+00 0.000000000000000000e+00 0.000000000000000000e+00 0.000000000000000000e+00 0.000000000000000000e+00 0.000000000000000000e+00 1.300000000000000000e+01
0.000000000000000000e+00 0.000000000000000000e+00 0.000000000000000000e+00 0.000000000000000000e+00 0.000000000000000000e+00 0.000000000000000000e+00 1.400000000000000000e+01
0.000000000000000000e+00 0.000000000000000000e+00 0.000000000000000000e+00 0.000000000000000000e+00 0.000000000000000000e+00 0.000000000000000000e+00 1.500000000000000000e+01
0.000000000000000000e+00 0.000000000000000000e+00 0.000000000000000000e+00 0.000000000000000000e+00 0.000000000000000000e+00 0.000000000000000000e+00 1.600000000000000000e+01
0.000000000000000000e+00 0.000000000000000000e+00 0.000000000000000000e+00 0.000000000000000000e+00 0.000000000000000000e+00 0.000000000000000000e+00 1.700000000000000000e+01
0.000000000000000000e+00 0.000000000000000000e+00 0.000000000000000000e+00 0.000000000000000000e+00 0.000000000000000000e+00 0.000000000000000000e+00 1.800000000000000000e+01
0.000000000000000000e+00 0.000000000000000000e+00 0.000000000000000000e+00 0.000000000000000000e+00 0.000000000000000000e+00 0.000000000000000000e+00 1.900000000000000000e+01
